1081266	2
1081266	3
1081266	4
1081266	5
1081266	6
1081266	7
1081266	8
1081266	14
1081266	15
1081266	18
1081266	19
1081266	20
1081266	21
1081266	22
1081266	23
1081266	24
1081266	25
1081266	26
1081266	27
1081266	28
1081266	29
1081266	30
1081266	31
1081266	32
1081266	33
1081266	34
1081266	35
1081266	37
1081266	39
1081266	42
1081266	43
1081266	44
1081266	46
1081266	47
1081266	56
1081266	57
1081266	58
1081266	59
1081266	60
1081266	61
1081266	62
1081266	63
1081266	64
1081266	66
1081266	67
1081266	68
1081266	69
1081266	72
1081266	73
1081266	76
1081266	77
1081266	78
1081266	88
1081266	89
1081266	90
1081266	93
1081266	95
1081266	97
1081266	99
1081266	100
1081266	103
1081266	104
1081266	105
1081266	106
1081266	108
1081266	111
1081266	119
1081266	120
1081266	121
1081266	122
1081266	124
1081266	125
1081266	129
1081266	130
1081266	131
1081266	132
1081266	133
1081266	134
1081266	138
1081266	140
1081266	141
1081266	142
1081266	143
1081266	145
1081266	148
1081266	149
1081266	150
1081266	152
1081266	156
1081266	157
1081266	158
1081266	159
1081266	160
1081266	162
1081266	163
1081266	173
1081266	180
1081266	182
1081266	183
1081266	184
1081266	191
1081266	198
1081266	201
1081266	206
1081266	208
1081266	211
1081266	212
1081266	213
1081266	215
1081266	216
1081266	217
1081266	219
1081266	220
1081270	1
1081270	2
1081270	3
1081270	4
1081270	5
1081270	6
1081270	7
1081270	8
1081270	9
1081270	10
1081270	11
1081270	12
1081270	13
1081270	15
1081270	16
1081270	18
1081270	20
1081270	21
1081270	22
1081270	23
1081270	24
1081270	25
1081270	26
1081270	27
1081270	28
1081270	29
1081270	30
1081270	31
1081270	32
1081270	34
1081270	35
1081270	36
1081270	37
1081270	38
1081270	39
1081270	40
1081270	41
1081270	42
1081270	43
1081270	45
1081270	46
1081270	47
1081270	48
1081270	54
1081270	55
1081270	56
1081270	57
1081270	58
1081270	59
1081270	60
1081270	61
1081270	62
1081270	66
1081270	67
1081270	68
1081270	69
1081270	72
1081270	73
1081270	74
1081270	75
1081270	76
1081270	77
1081270	78
1081270	79
1081270	80
1081270	81
1081270	82
1081270	84
1081270	86
1081270	88
1081270	89
1081270	90
1081270	91
1081270	92
1081270	93
1081270	94
1081270	95
1081270	96
1081270	97
1081270	99
1081270	100
1081270	102
1081270	103
1081270	104
1081270	105
1081270	111
1081270	119
1081270	120
1081270	121
1081270	122
1081270	124
1081270	126
1081270	128
1081270	129
1081270	130
1081270	131
1081270	132
1081270	133
1081270	135
1081270	137
1081270	140
1081270	141
1081270	142
1081270	144
1081270	145
1081270	146
1081270	147
1081270	148
1081270	149
1081270	150
1081270	151
1081270	152
1081270	153
1081270	154
1081270	156
1081270	157
1081270	158
1081270	159
1081270	161
1081270	162
1081270	163
1081270	164
1081270	165
1081270	169
1081270	173
1081270	175
1081270	176
1081270	177
1081270	178
1081270	180
1081270	181
1081270	182
1081270	184
1081270	186
1081270	187
1081270	189
1081270	190
1081270	191
1081270	192
1081270	198
1081270	201
1081270	202
1081270	206
1081270	207
1081270	208
1081270	209
1081270	210
1081270	211
1081270	212
1081270	213
1081270	215
1081270	216
1081270	217
1081270	218
1081270	219
1081270	220
1081270	221
1081271	1
1081271	2
1081271	3
1081271	4
1081271	5
1081271	6
1081271	7
1081271	8
1081271	9
1081271	10
1081271	13
1081271	14
1081271	18
1081271	19
1081271	20
1081271	21
1081271	22
1081271	23
1081271	24
1081271	25
1081271	26
1081271	27
1081271	28
1081271	29
1081271	30
1081271	31
1081271	34
1081271	35
1081271	36
1081271	37
1081271	39
1081271	40
1081271	42
1081271	43
1081271	45
1081271	46
1081271	47
1081271	54
1081271	56
1081271	57
1081271	58
1081271	59
1081271	60
1081271	61
1081271	62
1081271	64
1081271	66
1081271	67
1081271	68
1081271	69
1081271	72
1081271	73
1081271	74
1081271	76
1081271	77
1081271	78
1081271	79
1081271	80
1081271	81
1081271	83
1081271	84
1081271	87
1081271	88
1081271	90
1081271	91
1081271	93
1081271	95
1081271	97
1081271	99
1081271	100
1081271	103
1081271	104
1081271	111
1081271	119
1081271	120
1081271	121
1081271	122
1081271	123
1081271	124
1081271	126
1081271	128
1081271	129
1081271	130
1081271	131
1081271	132
1081271	133
1081271	135
1081271	137
1081271	140
1081271	141
1081271	142
1081271	144
1081271	145
1081271	146
1081271	147
1081271	148
1081271	149
1081271	150
1081271	151
1081271	152
1081271	153
1081271	154
1081271	156
1081271	157
1081271	158
1081271	159
1081271	161
1081271	162
1081271	163
1081271	164
1081271	165
1081271	169
1081271	173
1081271	175
1081271	176
1081271	177
1081271	178
1081271	180
1081271	181
1081271	182
1081271	184
1081271	186
1081271	187
1081271	188
1081271	189
1081271	190
1081271	191
1081271	192
1081271	198
1081271	201
1081271	202
1081271	206
1081271	207
1081271	208
1081271	209
1081271	210
1081271	211
1081271	212
1081271	213
1081271	215
1081271	216
1081271	217
1081271	218
1081271	219
1081271	220
1081271	221
1081279	2
1081279	3
1081279	4
1081279	5
1081279	6
1081279	7
1081279	8
1081279	9
1081279	10
1081279	12
1081279	18
1081279	19
1081279	20
1081279	21
1081279	22
1081279	23
1081279	24
1081279	25
1081279	26
1081279	27
1081279	28
1081279	29
1081279	30
1081279	32
1081279	33
1081279	34
1081279	35
1081279	36
1081279	37
1081279	39
1081279	40
1081279	41
1081279	43
1081279	46
1081279	47
1081279	51
1081279	52
1081279	54
1081279	56
1081279	57
1081279	58
1081279	59
1081279	60
1081279	61
1081279	62
1081279	64
1081279	65
1081279	66
1081279	67
1081279	68
1081279	69
1081279	70
1081279	72
1081279	73
1081279	74
1081279	77
1081279	78
1081279	79
1081279	81
1081279	85
1081279	88
1081279	90
1081279	91
1081279	92
1081279	93
1081279	94
1081279	95
1081279	96
1081279	97
1081279	99
1081279	100
1081279	101
1081279	102
1081279	103
1081279	104
1081279	105
1081279	106
1081279	107
1081279	119
1081279	129
1081279	131
1081279	142
1081279	148
1081279	149
1081279	152
1081279	154
1081279	156
1081279	157
1081279	158
1081279	166
1081279	180
1081279	191
1081280	1
1081280	2
1081280	3
1081280	4
1081280	5
1081280	6
1081280	7
1081280	8
1081280	9
1081280	10
1081280	11
1081280	12
1081280	13
1081280	14
1081280	16
1081280	18
1081280	19
1081280	20
1081280	21
1081280	22
1081280	23
1081280	24
1081280	25
1081280	26
1081280	27
1081280	28
1081280	29
1081280	30
1081280	32
1081280	33
1081280	34
1081280	35
1081280	36
1081280	37
1081280	38
1081280	39
1081280	40
1081280	41
1081280	42
1081280	43
1081280	45
1081280	46
1081280	47
1081280	49
1081280	51
1081280	52
1081280	54
1081280	55
1081280	56
1081280	57
1081280	58
1081280	59
1081280	60
1081280	61
1081280	62
1081280	63
1081280	64
1081280	65
1081280	66
1081280	67
1081280	68
1081280	69
1081280	70
1081280	72
1081280	73
1081280	74
1081280	75
1081280	76
1081280	77
1081280	78
1081280	79
1081280	80
1081280	81
1081280	82
1081280	85
1081280	86
1081280	87
1081280	88
1081280	89
1081280	90
1081280	91
1081280	92
1081280	93
1081280	94
1081280	95
1081280	96
1081280	97
1081280	98
1081280	99
1081280	100
1081280	101
1081280	102
1081280	103
1081280	104
1081280	105
1081280	106
1081280	107
1081280	109
1081280	117
1081280	119
1081280	120
1081280	121
1081280	122
1081280	123
1081280	124
1081280	125
1081280	128
1081280	129
1081280	130
1081280	131
1081280	132
1081280	133
1081280	134
1081280	135
1081280	137
1081280	138
1081280	139
1081280	141
1081280	142
1081280	148
1081280	149
1081280	150
1081280	152
1081280	154
1081280	156
1081280	157
1081280	158
1081280	159
1081280	160
1081280	162
1081280	164
1081280	166
1081280	169
1081280	173
1081280	174
1081280	175
1081280	180
1081280	181
1081280	182
1081280	184
1081280	187
1081280	191
1081280	198
1081280	201
1081280	206
1081280	207
1081280	208
1081280	209
1081280	210
1081280	211
1081280	212
1081280	213
1081280	214
1081280	215
1081280	216
1081280	217
1081280	218
1081280	219
1081280	220
1081280	221
1081284	1
1081284	2
1081284	3
1081284	4
1081284	5
1081284	6
1081284	7
1081284	8
1081284	9
1081284	10
1081284	11
1081284	12
1081284	16
1081284	18
1081284	19
1081284	20
1081284	21
1081284	22
1081284	23
1081284	24
1081284	25
1081284	26
1081284	27
1081284	28
1081284	29
1081284	30
1081284	31
1081284	32
1081284	33
1081284	34
1081284	35
1081284	36
1081284	37
1081284	38
1081284	39
1081284	41
1081284	42
1081284	43
1081284	44
1081284	45
1081284	46
1081284	47
1081284	54
1081284	55
1081284	56
1081284	57
1081284	58
1081284	59
1081284	60
1081284	61
1081284	62
1081284	63
1081284	64
1081284	65
1081284	66
1081284	67
1081284	68
1081284	69
1081284	70
1081284	72
1081284	73
1081284	74
1081284	75
1081284	76
1081284	77
1081284	78
1081284	79
1081284	80
1081284	81
1081284	82
1081284	86
1081284	87
1081284	88
1081284	89
1081284	90
1081284	91
1081284	92
1081284	93
1081284	94
1081284	95
1081284	96
1081284	97
1081284	98
1081284	99
1081284	100
1081284	101
1081284	102
1081284	103
1081284	104
1081284	105
1081284	106
1081284	107
1081284	108
1081284	109
1081284	111
1081284	112
1081284	119
1081284	120
1081284	121
1081284	124
1081284	125
1081284	126
1081284	129
1081284	130
1081284	131
1081284	132
1081284	133
1081284	134
1081284	135
1081284	136
1081284	137
1081284	138
1081284	139
1081284	140
1081284	141
1081284	142
1081284	143
1081284	144
1081284	145
1081284	147
1081284	148
1081284	149
1081284	150
1081284	152
1081284	153
1081284	155
1081284	156
1081284	157
1081284	158
1081284	159
1081284	160
1081284	162
1081284	164
1081284	165
1081284	169
1081284	173
1081284	174
1081284	175
1081284	176
1081284	178
1081284	180
1081284	181
1081284	182
1081284	183
1081284	184
1081284	185
1081284	186
1081284	188
1081284	189
1081284	191
1081284	193
1081284	194
1081284	196
1081284	197
1081284	198
1081284	200
1081284	201
1081284	206
1081284	207
1081284	208
1081284	209
1081284	211
1081284	212
1081284	213
1081284	216
1081284	219
1081284	220
1081284	221
1081284	222
1081285	1
1081285	2
1081285	3
1081285	4
1081285	5
1081285	6
1081285	7
1081285	8
1081285	9
1081285	10
1081285	11
1081285	12
1081285	13
1081285	14
1081285	15
1081285	16
1081285	17
1081285	18
1081285	19
1081285	20
1081285	21
1081285	22
1081285	23
1081285	24
1081285	25
1081285	26
1081285	27
1081285	28
1081285	29
1081285	30
1081285	31
1081285	32
1081285	33
1081285	34
1081285	35
1081285	36
1081285	37
1081285	38
1081285	39
1081285	40
1081285	41
1081285	42
1081285	43
1081285	44
1081285	45
1081285	46
1081285	47
1081285	48
1081285	49
1081285	51
1081285	52
1081285	53
1081285	54
1081285	55
1081285	56
1081285	57
1081285	58
1081285	59
1081285	60
1081285	61
1081285	62
1081285	63
1081285	64
1081285	65
1081285	66
1081285	67
1081285	68
1081285	69
1081285	70
1081285	71
1081285	72
1081285	73
1081285	74
1081285	75
1081285	76
1081285	77
1081285	78
1081285	79
1081285	80
1081285	81
1081285	82
1081285	83
1081285	84
1081285	85
1081285	86
1081285	87
1081285	88
1081285	89
1081285	90
1081285	91
1081285	92
1081285	93
1081285	94
1081285	95
1081285	96
1081285	97
1081285	98
1081285	99
1081285	100
1081285	101
1081285	102
1081285	103
1081285	104
1081285	105
1081285	106
1081285	107
1081285	108
1081285	109
1081285	110
1081285	111
1081285	112
1081285	113
1081285	114
1081285	117
1081285	119
1081285	120
1081285	121
1081285	122
1081285	123
1081285	124
1081285	125
1081285	126
1081285	127
1081285	128
1081285	129
1081285	130
1081285	131
1081285	132
1081285	133
1081285	134
1081285	135
1081285	136
1081285	137
1081285	138
1081285	139
1081285	140
1081285	141
1081285	142
1081285	143
1081285	144
1081285	145
1081285	146
1081285	147
1081285	148
1081285	149
1081285	150
1081285	151
1081285	152
1081285	153
1081285	154
1081285	155
1081285	156
1081285	157
1081285	158
1081285	159
1081285	160
1081285	161
1081285	162
1081285	164
1081285	165
1081285	166
1081285	167
1081285	168
1081285	169
1081285	173
1081285	174
1081285	175
1081285	176
1081285	177
1081285	178
1081285	179
1081285	180
1081285	181
1081285	182
1081285	183
1081285	184
1081285	185
1081285	186
1081285	187
1081285	188
1081285	189
1081285	190
1081285	191
1081285	192
1081285	193
1081285	194
1081285	195
1081285	196
1081285	198
1081285	199
1081285	201
1081285	204
1081285	206
1081285	207
1081285	208
1081285	209
1081285	210
1081285	211
1081285	212
1081285	213
1081285	214
1081285	215
1081285	216
1081285	217
1081285	218
1081285	219
1081285	220
1081285	221
1081285	222
1081325	2
1081325	8
1081325	19
1081325	27
1081325	29
1081325	41
1081325	43
1081325	44
1081325	48
1081325	57
1081325	58
1081325	59
1081325	60
1081325	91
1081325	104
1081325	107
1081325	119
1081325	129
1081325	140
1081325	141
1081325	142
1081325	156
1081325	180
1081325	181
1081325	190
1081336	2
1081336	18
1081336	27
1081336	49
1081336	91
1081336	95
1081336	101
1081339	51
1081340	2
1081340	8
1081340	19
1081340	20
1081340	27
1081340	28
1081340	29
1081340	30
1081340	33
1081340	39
1081340	40
1081340	41
1081340	43
1081340	44
1081340	45
1081340	54
1081340	56
1081340	65
1081340	68
1081340	72
1081340	77
1081340	78
1081340	81
1081340	85
1081340	101
1081340	102
1081340	103
1081340	104
1081340	105
1081340	106
1081340	107
1081340	108
1081340	121
1081340	124
1081340	125
1081340	133
1081340	137
1081340	140
1081340	141
1081340	142
1081340	143
1081340	147
1081340	182
1081340	206
1081341	8
1081341	20
1081341	27
1081341	28
1081341	29
1081341	30
1081341	33
1081341	39
1081341	40
1081341	41
1081341	43
1081341	54
1081341	68
1081341	84
1081341	91
1081341	103
1081341	104
1081341	105
1081341	106
1081341	107
1081341	121
1081341	124
1081341	133
1081341	137
1081341	140
1081341	141
1081341	142
1081341	143
1081341	147
1081361	2
1081361	4
1081361	5
1081361	7
1081361	20
1081361	39
1081361	40
1081361	45
1081361	49
1081361	50
1081361	54
1081361	62
1081361	81
1081361	82
1081361	101
1081361	102
1081361	156
1081374	2
1081374	21
1081374	22
1081374	23
1081374	25
1081374	27
1081374	33
1081374	56
1081374	61
1081374	64
1081374	68
1081374	102
1081388	16
1081388	20
1081388	27
1081388	31
1081388	33
1081388	35
1081388	39
1081388	44
1081388	46
1081388	47
1081388	56
1081388	61
1081388	62
1081388	63
1081388	77
1081388	78
1081388	80
1081388	82
1081388	84
1081388	85
1081388	100
1081388	101
1081388	102
1081388	120
1081388	121
1081388	122
1081388	126
1081388	132
1081388	133
1081388	155
1081388	159
1081388	181
